105.427
103.776
8.60267
29.8271
21.1718
4.76087
19.4938
10.266
72.8183
258.075
288.325
160.534
93.069
94.0464
92.8535
93.9702
89.7013
78.843
108.526
285.041
284.852
193.416
122.101
107.94
104.883
105.186
31.5248
26.8903
28.1457
26.6697
29.3559
37.3178
60.5837
202.957
284.613
158.496
91.9373
94.6531
98.4626
97.0273
91.1271
77.8813
103.487
228.682
243.272
171.704
117.345
107.649
106.438
104.808
12.5824
14.2722
12.6313
16.4737
20.8039
28.8883
80.7222
242.263
291.75
173.351
96.4
97.9713
99.3888
102.926
100.332
95.4386
132.947
323.904
295.921
176.041
120.988
108.336
103.937
103.717
25.3025
24.1985
24.3636
23.716
25.0279
34.3206
70.0774
239.535
290.53
185.252
87.7351
89.8091
94.5229
93.0612
97.0168
90.5774
130.109
301.445
295.506
176.873
114.348
103.966
102.813
102.612
29.9347
24.2366
24.9473
23.6847
22.4447
24.7041
23.9618
24.6774
40.0578
113.03
163.624
177.679
276.699
245.852
282.679
301.549
230.534
183.385
160.63
142.453
96.2603
88.5117
82.7203
94.5316
49.8079
18.9897
31.3401
27.278
26.0797
25.181
24.7833
28.2499
36.827
109.076
158.35
155.594
241.483
236.844
199.963
182.239
153.551
134.416
123.802
120.448
95.2233
61.2445
58.0399
63.3928
6.51657
7.32329
6.91642
9.27916
4.0391
34.7081
84.1779
239.158
290.594
153.433
88.7765
88.6758
88.3584
86.1816
81.8622
75.2231
32.9415
234.923
265.116
202.629
133.027
106.204
103.128
92.9076
6.56895
7.24299
11.5974
27.7704
34.5538
50.0571
114.036
274.108
293.607
170.684
92.7046
97.0215
83.2658
107.27
97.4465
94.2224
146.746
292.877
313.579
207.518
125.052
110.035
107.749
106.829
29.2087
27.3766
26.4011
24.1998
25.5721
38.085
87.0572
256.809
290.422
173.25
90.168
95.8549
94.9387
96.9527
94.998
89.4275
136.996
302.319
300.922
194.695
120.796
106.464
105.288
103.717
29.6457
28.5406
28.2655
10.8836
16.1028
27.667
75.1088
230.47
289.858
168.31
90.484
91.9694
93.3612
89.6068
85.3154
63.3617
93.1572
231.253
236.68
146.065
97.7407
85.9235
84.3409
91.6606
6.92784
7.52208
5.82131
6.8589
20.1124
25.9676
81.1618
130.641
263.545
175.101
121.997
132.634
134.05
126.868
104.484
58.2488
146.108
96.0992
166.062
136.91
128.692
135.079
122.822
120.951
34.3145
29.926
31.2762
22.0317
17.3044
20.1605
26.7036
34.3629
91.6563
53.6859
101.468
94.3142
85.5138
194.346
161.048
141.244
135.788
124.98
117.647
83.5379
50.4795
42.2964
45.5856
57.6692
21.8967
18.1801
12.1398
11.1902
13.9805
10.3349
5.98361
12.9268
7.54363
61.4676
101.86
120.292
147.331
209.117
204.458
194.574
163.419
119.611
115.126
103.836
54.7259
37.9364
44.9173
59.6257
2.23347
2.2277
-3.21098
-2.317
1.38588
49.4279
151.759
245.076
110.284
73.5204
80.8612
84.4354
29.3446
-18.5323
-78.5203
14.6419
31.8988
126.309
125.746
78.4719
70.2297
76.8133
74.0069
1.56764
2.03486
1.82232
1.2675
-0.119357
-0.350678
14.9247
37.0963
13.0962
77.9174
80.646
91.0217
178.43
151.982
100.965
97.1047
95.4898
107.949
104.182
72.3854
47.3291
38.251
44.8248
15.4071
13.4752
13.5533
4.32317
4.84952
12.4955
36.2509
36.216
163.139
61.1728
35.2529
24.0432
18.7317
-17.421
-63.6904
-80.1618
21.6366
23.6874
120.935
123.233
85.2944
80.9515
64.5346
75.4379
-15.2053
-28.4763
-16.0852
-9.96897
-9.52988
21.7165
49.9104
136.792
245.711
138.3
92.7567
101.019
101.161
94.8301
36.5757
2.53192
102.685
110.878
160.095
115.45
93.4211
101.24
102.154
100.787
21.3512
14.1168
15.1186
21.2657
21.704
30.1569
56.0031
139.126
246.875
137.849
95.8759
102.108
103.042
97.2787
81.6064
55.0183
133.233
136.115
175.971
113.172
93.0536
87.186
86.6201
90.6009
6.01653
4.19278
5.48066
3.85536
3.60952
3.41917
5.07203
7.71467
10.8732
14.2766
46.4885
36.7299
12.0391
69.5534
78.3707
76.0041
111.089
103.465
101.608
74.7601
51.1642
45.5407
42.5178
48.2696
16.2955
18.5297
14.9305
15.7893
12.7575
23.5952
20.0819
19.5751
31.4107
65.8643
128.792
137.686
112.892
173.546
164.966
136.247
135.346
124.434
119.005
99.1241
56.5788
43.9549
45.3814
60.0824
10.6934
10.8444
-0.592065
1.21488
-13.3033
5.7593
35.2777
126.073
212.283
104.449
61.9897
78.4549
84.5689
107.081
90.4776
63.0253
116.495
147.581
198.595
142.524
102.563
90.4999
93.0233
85.9863